50.42 51.20
5.60 5.70
7.56 7.50
69.64 70.10
161.10 162.30
211.47 213.30
387.49 391.00
437.76 442.00
610.78 617.30
507.17 512.10
679.85 687.40
551.61 557.20
723.85 732.50
735.28 744.10
955.69 968.10
969.70 982.10
669.54 677.60
102.50 103.40
539.73 545.40
398.73 402.80
287.63 290.30
556.52 565.20
731.41 740.30
780.74 791.80
625.41 632.90
1.63 1.60
8.71 8.80
353.46 356.80
509.03 514.50
608.34 615.40
723.71 733.00
836.90 848.30
866.48 878.50
450.85 456.80
672.57 680.60
782.59 792.50
897.70 910.10
834.75 844.90
884.20 896.10
910.96 923.50
975.99 989.90
984.56 998.70
983.16 997.40
118.15 119.30
74.47 75.20
20.18 20.40
59.14 60.10
224.98 227.00
397.98 402.20
14.79 14.90
