-1.09,-0.25,-0.04,-24.03,66.32,-20.22,-0.86,-0.24,-0.63,17.88,74.80,-84.37,-0.35,-0.41,-0.63,157.96,25.47,53.31,-0.66,-0.03,0.06,154.85,-27.00,249.99,-1.00,0.59,0.51,34.19,32.57,249.99,-1.17,1.09,0.29,-99.17,113.73,83.65,-0.90,1.10,-0.26,-153.63,169.81,-131.33,-0.69,0.82,-0.45,-124.52,55.85,-250.00,-0.61,0.04,-0.82,56.81,48.45,-144.34,-0.66,-0.30,-0.44,109.37,-24.32,-79.29
-0.78,-0.46,-0.70,-25.89,115.20,-60.81,-0.61,-0.40,-0.93,129.91,51.21,35.77,-0.37,-0.26,-0.46,186.56,-34.10,185.31,-0.50,0.24,0.30,104.85,-50.76,249.99,-1.07,1.01,0.57,-21.25,44.47,249.99,-0.79,1.15,0.24,-140.74,139.67,-35.19,-0.93,1.14,-0.28,-164.99,162.08,-200.93,-0.86,0.76,-0.78,-27.27,56.69,-250.00,-0.51,-0.18,-0.78,109.39,28.05,-133.52,-0.53,-0.47,-0.19,160.47,-33.56,11.10
-0.90,-0.42,-0.31,-69.20,200.87,-65.67,-0.50,-0.32,-0.78,186.28,104.90,14.72,-0.52,-0.22,-0.14,188.25,-17.59,238.04,-0.82,0.44,0.14,41.50,15.56,249.99,-1.31,1.05,0.04,-219.22,132.90,82.34,-0.95,0.97,-0.22,-250.00,157.18,-172.59,-1.05,0.68,-0.66,-27.11,49.69,-250.00,-0.47,0.00,-0.46,184.29,90.65,-194.47,-0.58,-0.52,0.04,141.33,-53.95,-17.94,-0.92,-0.45,0.19,9.61,-24.62,20.96
-0.91,-0.40,-0.37,-99.43,163.62,-9.06,-0.66,-0.25,-0.94,147.59,37.35,-56.27,-0.32,-0.27,-0.23,231.86,-11.39,202.92,-0.64,0.29,0.08,107.41,18.03,249.99,-1.17,0.97,0.31,-122.66,100.94,186.05,-0.77,1.35,-0.22,-250.00,140.03,-42.41,-0.91,0.86,-0.23,-150.87,149.80,-219.08,-0.90,0.48,-0.63,-24.77,70.79,-250.00,-0.59,-0.16,-0.56,142.20,59.80,-146.84,-0.56,-0.45,-0.25,154.43,-18.84,-18.07
-0.96,-0.39,-0.26,-75.98,134.04,-2.94,-0.72,-0.23,-0.87,58.86,33.74,-82.14,-0.37,-0.34,-0.51,218.18,-6.25,106.87,-0.44,0.05,0.09,172.85,-21.38,249.99,-0.89,0.73,0.32,0.25,41.28,249.99,-0.91,1.27,0.27,-210.65,175.32,33.23,-0.74,1.11,-0.17,-214.00,154.88,-158.13,-0.99,0.83,-0.45,-63.12,128.91,-250.00,-0.55,0.04,-0.58,115.66,78.09,-194.15,-0.55,-0.42,-0.40,150.77,-0.24,-57.54
-0.76,-0.52,0.03,-48.99,73.27,-22.50,-0.98,-0.42,0.05,-37.80,75.97,-0.63,-0.68,-0.39,-0.94,101.75,150.32,-27.30,-0.35,-0.33,-0.34,249.99,24.81,164.34,-0.47,0.27,0.23,148.43,17.14,249.99,-1.27,1.15,0.50,-143.64,126.27,249.99,-0.85,1.25,-0.14,-216.07,186.33,-101.60,-0.84,1.22,-0.63,-159.64,88.70,-250.00,-0.43,0.14,-0.88,157.04,100.29,-233.09,-0.43,-0.61,-0.05,143.71,-96.12,-40.70
-0.96,-0.47,-0.30,-64.96,157.56,45.63,-0.63,-0.31,-0.95,146.39,117.93,-69.89,-0.16,-0.36,-0.31,235.44,32.01,167.89,-0.80,0.20,0.10,117.08,22.21,249.99,-1.33,0.99,0.45,-146.98,88.13,249.99,-0.81,1.29,-0.01,-250.00,169.21,-48.55,-1.07,1.03,-0.40,-175.45,148.64,-250.00,-0.48,0.39,-0.62,85.69,76.42,-250.00,-0.50,-0.42,-0.47,141.18,-25.80,-81.76,-0.52,-0.59,0.22,85.46,-31.94,11.01
-0.94,-0.46,-0.24,-76.95,134.62,17.45,-0.80,-0.30,-0.48,236.86,146.61,-49.73,-0.28,-0.36,-0.26,183.24,-4.91,208.21,-0.70,0.18,0.09,123.54,22.56,249.99,-1.17,0.81,0.26,-109.05,100.19,237.56,-0.76,1.13,0.12,-210.47,162.64,14.39,-0.91,1.15,-0.22,-231.70,143.25,-187.19,-0.77,0.75,-0.56,-47.04,73.68,-250.00,-0.51,-0.14,-0.42,101.41,56.48,-167.02,-0.39,-0.55,-0.26,122.18,-16.43,-49.87
-0.79,-0.60,-0.12,21.53,149.12,9.67,-0.89,-0.36,-0.66,-34.20,129.51,-54.31,-0.42,-0.39,-0.74,203.94,57.08,59.43,-0.46,0.02,0.07,186.25,-22.23,249.99,-0.97,0.74,0.45,-28.34,61.86,249.99,-0.75,1.33,0.11,-245.07,194.45,26.27,-0.98,1.27,-0.27,-228.87,150.37,-250.00,-0.53,0.64,-0.79,17.19,65.67,-250.00,-0.57,-0.27,-0.43,115.19,8.73,-141.31,-0.64,-0.59,0.06,103.17,-52.40,-35.10
-0.81,-0.52,-0.10,-48.26,138.75,12.50,-0.86,-0.36,-0.58,82.76,127.94,-66.99,-0.40,-0.46,-0.45,194.73,44.98,86.69,-0.60,-0.07,0.06,139.64,-4.46,249.99,-1.13,0.73,0.30,-60.21,123.76,249.99,-0.87,1.23,0.03,-241.00,184.22,24.80,-0.76,1.14,-0.28,-204.82,126.71,-208.28,-0.81,0.80,-0.64,-19.23,86.94,-250.00,-0.52,-0.10,-0.54,123.50,70.65,-164.54,-0.59,-0.49,-0.26,133.21,-19.10,-68.11
-0.89,-0.52,-0.08,-33.56,113.52,56.70,-0.95,-0.28,-0.72,150.12,166.39,-51.01,-0.43,-0.47,-0.22,207.11,116.89,65.03,-0.62,0.05,-0.11,137.89,25.82,249.99,-1.15,0.80,0.23,-69.52,102.84,249.99,-0.62,1.21,-0.00,-225.01,163.11,11.69,-1.09,1.31,-0.23,-250.00,132.13,-250.00,-0.73,0.73,-0.75,-3.68,53.11,-250.00,-0.52,-0.25,-0.50,138.66,56.09,-168.88,-0.47,-0.62,0.08,98.01,-19.16,-10.82
-0.84,-0.55,-0.18,-47.74,130.16,68.04,-1.00,-0.23,-0.80,56.21,41.83,-61.45,-0.44,-0.38,-0.55,200.23,53.38,38.20,-0.55,-0.07,0.02,165.44,-17.83,249.99,-0.93,0.61,0.28,-7.42,50.24,249.99,-0.84,1.16,0.03,-212.69,137.40,51.66,-0.81,1.08,-0.18,-247.20,175.54,-123.25,-0.97,0.82,-0.53,-79.26,94.68,-250.00,-0.65,0.18,-0.54,86.72,54.49,-239.38,-0.54,-0.41,-0.35,137.72,29.42,-98.37
-0.80,-0.46,-0.06,-0.80,116.17,36.45,-0.94,-0.32,-0.60,96.03,104.00,-56.63,-0.40,-0.47,-0.54,170.75,64.57,55.18,-0.56,-0.05,-0.05,155.26,-11.17,249.99,-1.00,0.72,0.35,5.17,48.36,249.99,-0.60,1.20,0.18,-214.45,145.91,48.01,-0.73,1.20,-0.21,-250.00,178.20,-132.36,-1.08,0.90,-0.51,-93.86,86.94,-250.00,-0.62,0.18,-0.41,106.11,49.69,-226.91,-0.65,-0.42,-0.19,140.66,6.19,-90.50
-0.98,-0.42,-0.23,-71.59,146.09,18.63,-0.81,-0.27,-0.71,135.73,137.73,-72.05,-0.30,-0.45,-0.43,199.67,54.62,103.26,-0.67,-0.10,0.03,152.73,-7.20,249.99,-0.87,0.62,0.24,-8.48,36.35,249.99,-0.88,1.13,0.07,-194.46,123.58,95.13,-0.73,1.14,-0.12,-220.47,169.82,-91.80,-0.96,0.95,-0.42,-121.99,100.75,-250.00,-0.57,0.36,-0.55,57.59,66.73,-250.00,-0.60,-0.34,-0.40,124.08,1.39,-129.28
-0.87,-0.51,-0.09,-93.01,199.98,50.92,-0.92,-0.25,-0.83,132.07,109.12,-69.87,-0.29,-0.46,-0.52,214.78,32.26,105.55,-0.49,-0.06,-0.04,152.55,-4.15,249.99,-0.97,0.63,0.23,-31.02,11.31,249.99,-0.99,1.26,0.12,-218.23,123.83,89.97,-0.85,1.15,-0.09,-246.79,170.11,-127.71,-1.00,0.95,-0.44,-96.26,110.63,-250.00,-0.68,0.13,-0.50,68.66,29.95,-250.00,-0.59,-0.50,-0.27,141.98,-5.06,-117.23
-0.78,-0.59,-0.16,-2.37,160.95,32.97,-0.81,-0.33,-0.59,137.38,103.52,-47.26,-0.36,-0.46,-0.27,165.44,33.83,125.06,-0.66,0.05,0.09,120.07,5.10,249.99,-1.00,0.79,0.41,-29.05,85.29,249.99,-0.68,1.33,0.04,-188.34,159.06,73.07,-0.67,1.21,-0.10,-214.06,196.22,-144.07,-0.91,0.97,-0.59,-76.88,101.54,-250.00,-0.44,0.11,-0.33,100.98,100.07,-228.87,-0.61,-0.45,-0.30,101.85,26.71,-110.09
-0.88,-0.38,0.22,-72.61,81.58,20.52,-1.15,-0.15,-0.45,-133.87,147.38,-77.03,-0.53,-0.41,-0.84,147.51,91.03,-59.28,-0.38,-0.40,-0.15,203.97,-11.73,210.29,-0.82,0.23,0.21,74.71,19.31,249.99,-1.23,0.93,0.21,-178.89,84.23,138.97,-1.00,1.07,-0.33,-250.00,135.25,-88.52,-1.00,0.78,-0.54,-165.09,102.09,-250.00,-0.54,0.18,-0.86,142.24,48.10,-204.65,-0.45,-0.41,-0.26,178.54,-21.35,-42.79
-0.91,-0.37,-0.08,19.11,146.95,9.33,-1.04,-0.21,-0.53,-41.71,118.74,-113.52,-0.32,-0.45,-0.86,144.43,59.30,20.27,-0.51,-0.27,-0.19,197.70,-11.82,228.00,-0.85,0.45,0.31,70.56,41.11,249.99,-1.17,1.14,0.19,-171.62,129.23,156.07,-0.85,1.23,-0.18,-250.00,155.87,-104.75,-0.97,1.03,-0.67,-134.42,67.70,-250.00,-0.59,0.20,-0.57,101.82,55.99,-249.93,-0.54,-0.41,-0.35,176.55,8.03,-86.51
-0.95,-0.37,0.18,-70.59,148.79,29.60,-0.94,-0.21,-0.93,-8.17,61.18,-61.36,-0.36,-0.44,-0.73,214.64,44.49,46.34,-0.55,-0.14,-0.05,187.85,-10.38,244.45,-1.01,0.48,0.44,49.45,37.05,249.99,-1.03,0.99,0.17,-192.46,116.87,113.32,-0.64,1.10,-0.09,-250.00,167.28,-67.37,-1.11,0.95,-0.48,-98.19,130.95,-250.00,-0.78,0.24,-0.62,46.16,54.43,-250.00,-0.79,-0.33,-0.44,113.39,-19.97,-107.19
-0.96,-0.41,0.06,-51.55,88.29,30.30,-0.93,-0.26,-0.82,59.64,151.41,-41.48,-0.35,-0.44,-0.73,194.90,53.22,70.14,-0.52,-0.06,0.08,154.95,-10.44,249.99,-1.11,0.77,0.52,-6.02,54.76,249.99,-0.73,1.10,0.11,-187.31,203.74,22.45,-1.05,1.31,-0.45,-229.96,187.16,-250.00,-0.52,0.81,-0.94,35.07,73.59,-250.00,-0.41,-0.31,-0.67,138.47,4.62,-153.38,-0.49,-0.65,0.00,87.27,-73.32,-21.84
-1.09,-0.38,-0.59,-43.94,75.07,-20.06,-0.64,-0.33,-0.58,206.12,67.57,-22.12,-0.42,-0.25,-0.08,171.17,-4.40,225.40,-0.70,0.31,0.23,111.56,34.39,249.99,-1.06,0.94,0.32,-128.88,96.66,168.57,-0.75,1.14,-0.10,-221.47,155.53,-62.71,-1.08,1.16,-0.53,-178.63,112.96,-250.00,-0.49,0.37,-0.80,78.45,87.75,-250.00,-0.62,-0.35,-0.64,101.48,-8.61,-106.81,-0.56,-0.56,-0.06,116.55,-54.41,-23.80
-0.96,-0.44,-0.11,7.57,69.15,-4.39,-0.98,-0.38,-0.34,0.06,45.25,-25.37,-0.72,-0.42,-0.65,168.11,82.27,11.38,-0.40,-0.19,-0.00,188.18,-12.60,249.99,-0.74,0.53,0.36,54.40,59.46,249.99,-1.13,1.15,0.19,-175.11,168.00,68.12,-0.86,1.27,-0.23,-245.94,169.35,-184.27,-0.78,1.02,-0.79,-97.76,21.68,-250.00,-0.53,-0.03,-0.66,135.64,34.46,-186.57,-0.56,-0.50,-0.14,137.45,-14.88,-77.13
-1.09,-0.36,-0.26,-61.58,109.08,-3.27,-0.72,-0.32,-0.73,161.48,142.76,-53.74,-0.38,-0.41,-0.33,182.04,-5.18,171.67,-0.73,0.03,0.12,117.81,6.48,249.99,-1.09,0.79,0.28,-55.77,96.49,249.99,-0.71,1.18,0.01,-196.57,173.84,8.92,-0.81,1.21,-0.31,-218.33,125.12,-192.23,-0.87,0.77,-0.64,-29.24,64.99,-250.00,-0.63,0.04,-0.52,66.48,34.12,-194.97,-0.66,-0.40,-0.27,112.52,0.32,-92.73
-1.07,-0.45,-0.39,-50.59,85.94,-12.21,-0.69,-0.40,-0.49,140.98,103.17,-32.39,-0.33,-0.42,-0.19,171.07,-12.63,191.31,-0.68,0.26,0.14,111.50,43.93,249.99,-0.99,0.85,0.30,-87.82,109.69,190.56,-0.65,1.13,-0.08,-205.44,200.89,-35.57,-1.15,1.17,-0.50,-180.65,120.98,-226.83,-0.67,0.69,-0.84,35.03,40.16,-250.00,-0.71,-0.17,-0.61,90.96,8.51,-162.86,-0.55,-0.48,-0.18,130.04,-33.81,-73.76
-1.13,-0.55,-0.20,-71.68,121.25,-4.64,-0.66,-0.44,-0.70,160.90,122.04,-16.99,-0.42,-0.40,-0.15,171.64,22.43,180.20,-0.62,0.11,0.13,130.26,24.22,249.99,-0.92,0.75,0.21,-42.72,105.32,249.99,-0.74,1.13,0.00,-219.82,172.94,8.87,-0.92,1.18,-0.47,-241.34,130.80,-181.19,-0.74,0.73,-0.71,6.29,62.90,-250.00,-0.61,-0.09,-0.45,84.79,22.45,-181.99,-0.59,-0.50,-0.15,117.52,-46.39,-71.93
-0.99,-0.49,-0.42,-52.38,100.89,1.85,-0.68,-0.41,-0.67,137.36,101.61,-23.45,-0.50,-0.41,-0.20,190.75,33.65,165.99,-0.73,0.15,0.11,117.79,19.84,249.99,-0.86,0.70,0.25,-43.30,86.72,214.44,-0.74,1.19,-0.11,-223.74,100.38,17.67,-0.88,1.15,-0.15,-232.36,105.33,-125.78,-1.11,0.89,-0.46,-76.92,134.83,-250.00,-0.40,-0.11,-0.55,82.63,31.52,-203.32,-0.55,-0.48,-0.39,158.62,-15.40,-52.47
-1.13,-0.51,-0.34,-10.77,62.95,13.47,-0.75,-0.42,-0.34,151.47,129.91,-29.58,-0.35,-0.40,-0.17,163.56,30.21,187.06,-0.79,0.21,0.14,106.81,58.56,249.99,-1.19,0.89,0.32,-120.15,99.76,184.67,-0.63,1.07,0.09,-249.82,235.98,-38.99,-0.96,0.98,-0.44,-152.15,116.86,-250.00,-0.60,0.40,-0.66,39.26,86.75,-250.00,-0.66,-0.32,-0.59,117.40,20.55,-116.52,-0.64,-0.55,0.03,99.23,-25.28,-19.09
-1.08,-0.46,-0.29,-109.23,137.83,4.07,-0.71,-0.34,-0.81,130.93,78.25,-38.84,-0.29,-0.40,-0.32,219.48,13.69,159.38,-0.51,0.08,0.08,133.87,1.34,249.99,-1.19,0.82,0.36,-59.31,78.89,247.02,-0.72,1.08,0.07,-207.21,164.41,42.38,-0.93,1.23,-0.23,-223.69,142.54,-147.74,-0.97,0.92,-0.59,-49.12,64.96,-250.00,-0.64,0.03,-0.69,79.53,19.70,-212.92,-0.57,-0.46,-0.21,139.42,-42.66,-97.55
-0.82,-0.50,0.15,-43.43,72.12,31.89,-0.95,-0.26,-0.79,-13.56,134.64,-35.86,-0.46,-0.49,-0.71,169.34,82.70,34.56,-0.45,-0.19,0.06,155.51,-24.03,249.99,-0.91,0.57,0.38,26.41,42.01,249.99,-0.89,1.17,0.14,-176.17,101.30,95.65,-0.73,1.16,-0.12,-224.07,112.80,-113.46,-1.03,0.88,-0.44,-96.37,83.50,-250.00,-0.66,0.19,-0.57,77.58,65.55,-250.00,-0.64,-0.44,-0.44,93.66,-35.90,-110.28
-0.94,-0.44,-0.24,-55.97,86.24,22.50,-0.79,-0.33,-0.57,124.18,110.91,-52.35,-0.35,-0.48,-0.38,174.75,42.09,108.63,-0.52,0.02,0.13,106.74,-3.85,249.99,-1.04,0.75,0.34,-42.78,75.86,249.99,-0.91,1.17,0.14,-176.09,163.92,50.27,-0.81,1.20,-0.28,-205.70,135.61,-168.91,-0.81,0.91,-0.60,-33.71,52.29,-250.00,-0.52,0.00,-0.62,74.43,45.60,-191.90,-0.55,-0.43,-0.33,87.55,9.90,-90.49
